BRUTE FORCE

1,2,3,4,5,6,7,8,9,10,11,12,13,14
RUNTIME
0.000,0.000,0.000,0.000,0.000,0.000,0.000,0.000,0.004,0.042,0.481,6.032,81.358,1189.379
MIN COST
46,62,52,98,95,134,152,172,139,197,194,183,193,267
MAX COST
46,72,113,167,206,249,316,333,405,472,516,568,589,658

BRANCH N BOUND

1,2,3,4,5,6,7,8,9,10,11,12,13,14,15,16
RUNTIME
0.000,0.000,0.000,0.000,0.000,0.000,0.000,0.000,0.000,0.002,0.009,0.008,0.078,3.623,3.704,20.082
MIN COST
46,62,52,98,95,134,152,172,139,197,194,183,193,267,240,262
MAX COST
46,72,113,167,206,249,316,333,405,472,516,568,589,658,680,762

RANDOM PERM
1,2,3,4,5,6,7,8,9,10,11,12,13,14,15,16
RUNTIME
0.010,0.025,0.032,0.041,0.049,0.059,0.068,0.078,0.090,0.102,0.111,0.122,0.132,0.142,0.151,0.161
MIN COST
46,62,52,98,95,134,152,172,146,197,201,208,225,301,292,313
MAX COST
46,72,113,167,206,249,316,333,405,465,508,539,554,609,640,701